3576618156
2636528463
7048428039
7459491593
8054918646
3637853600
5348344918
7887858320
4548587795
2014509483
7654209962
9737224697
5095680635
2129818102
4875932084
8892386601
6239082735
4495664121
6304161348
5174280810
8558910383
7036260365
6442499258
7565542808
8597747828
6376156336
9858082852
5159877200
5066963197
2587573025
4672343498
6377596014
5088874046
2199935527
2455062557
8329196755
9406921402
8848664199
9023492651
7894126759
2723056136
4289531015
2587405761
3009169639
6392387826
2863399052
7539500847
8924285004
5529045510
3222606493
6708071145
5473075786
9447666817
2549099672
8513411974
5855067314
8446105887
4868702970
9582579421
7018217939
8119485735
8582509500
4132742223
7206316512
7307141383
2803445488
9934461960
5793960929
4222582418
2443220452
4052112054
8092397480
4798760164
6658393751
6827287386
3722414273
2077410774
6658954640
9559043566
8848920506
4636064686
8555954578
9287377439
9458134960
6217105485
2169857771
8432816261
2385713891
7345487531
5245510560
3692263779
5839495783
3014523826
6532364267
5916443782
3072042361
4443093650
3679027628
3679957089
2274198391
6548825585
8482438066
7663989475
2334690476
5419285884
5337990213
2174025434
7226999067
8282892544
8526594249
3406963842
2563806425
4866530182
7827810181
5573863775
2242108620
7029859789
6187655795
8244452139
9756363516
9705415414
3194657950
3918232227
3536494690
7263397398
2932513269
2956447564
3916441522
7304691441
6985556496
3772318092
4289288357
6399239681
6104243110
4704805889
7195791341
6267929618
9833307912
8952678652
5945638579
4874446740
2669092978
3854187252
4343598540
2332543668
2183470740
2347031750
7099743955
9059177690
5579905842
6523514191
3445577832
2344879100
3236531296
5677530147
9503994457
3726141539
6867006042
6662936101
5348812158
7533816758
6757117450
2195461202
7304757781
6377120445
2272456036
4542108484
6167801702
4627559078
5209433423
9875842767
6552908132
6334651118
4803190374
3492663431
8417571534
5848995736
5067503710
3023776311
4074368565
2264274008
5147187694
8139630076
8172490086
6049213407
2479323061
4557240938
9367109586
9895457812
8346058419
6537111088
5156554784
6583057438
5746175771
4799235549
2464522217
5287982872
8519930416
9646431804
4415704394
2726281744
8819128945
3913909225
5372967395
6804450227
6632561833
3647480718
4488406878
5512642964
2187742979
3392628876
4444616540
8755419962
5326819097
5776347668
7396248874
8796031376
6423014694
9679928183
9567149889
8233828478
5376583003
2902164583
6394201025
3772828339
6808935706
5322064607
6613558491
2864772397
5913863132
5776033901
5484107030
5626097561
9723419374
3485084648
4864666752
3055093096
7982496447
4762963672
6482437215
7628230651
2108401910
2824594713
5668048601
3373285909
6005692663
2503478384
2295990707
3666364144
2316532039
4565737601
3994864588
7632450431
6833450337
5939484445
8317232142
4578256471
9388114422
4957045420
7836486756
2698651234
8489917597
6715347433
3305529647
3536300312
9036090206
8494823135
2809439602
7052324883
8679182557
7173046046
9889347200
8703996690
7989167354
6153206426
6413875114
8309280065
8463448383
9384448728
6922657019
6854104076
4525780284
4806995365
3467959720
5647444104
5592597760
8024968748
2724211234
4372319739
7578861727
5823853503
2979157287
4489482056
6825936826
3047034013
7597994390
5867621033
2555365630
5087469571
4185845029
7196470728
7143651148
8385726414
3842176032
3564363327
9429636430
8494999421
3437769638
2413019272
5918441814
4075701374
5068866812
8633869110
7352694032
4299133996
7972826461
6787202905
9367900154
5908303575
9126625894
7857955366
3618999084
8893549310
6115036802
4392956047
9525094358
6646005679
9446004060
9097665376
9317211109
4939753748
8302837511
9185965106
5994100262
8938026880
8495505379
8162027131
7397051412
2005992931
9534406658
9227709621
6188618097
4489439188
9824935294
4363584680
8257149567
4269966868
4719154491
5932333207
3796151186
4783729001
2685752873
9295248620
8287928399
9335184907
7747548915
2764616638
8457706289
6912941123
2798894130
4155602228
5278649351
9918528196
5282641217
7497569505
6383008374
9623095958
2219443901
9378382628
4565032427
8434063564
9666403919
5327350898
9438624392
8373273200
8424976506
2713103251
3482920133
6089063207
4043905136
7016191362
9799647800
8158203460
3092661004
3457323459
5516589931
8474577040
8439526829
8102583490
6904018587
7685700982
6529560797
6547534236
4906286549
4938966821
4488587699
5372529228
6047422474
9319460803
6494798702
7353516993
2723722830
4157939887
8338459103
2393445261
5845834947
2704787002
7297867551
6789428861
9045066631
7309470399
7063781701
6704533633
2057606703
6779369305
9473868396
3878614232
7447775346
8589738710
2965769478
2787206583
2258715578
4347173541
7305210845
6764841215
3322112030
4189129757
6855672982
3254921578
7877092540
2705773521
9356119917
4094866498
8446222326
7535580973
5245262877
7294945643
4586445265
2766973066
3574700266
4838153322
7577276689
6748575161
9807181273
9502981510
5078318487
5577806450
9225422040
6607225093
5992487011
4223791013
2192998970
9172318799
7228870130
2633703330
4262772686
3769313238
4046694586
8998049008
4114259875
6835270502
5916386213
3393800701
6193169201
7877787262
7594302855
7789338134
7303982336
6653775143
8716409714
5384597283
7978144280
7364911465
9582016418
4184635503
8016729878
9023593543
6757165208
6026080347
3915273400
4399894564
4096596328
5572619805
5658351878
2949965054
4299103513
2314474490
2016697427
2055565563
6177520531
6643821645
9408078073
5036660152
4485591991
4775270144
6179527418
9719957094
2338102339
6385260285
2096092181
3666422292
2072416791
3602992527
8245972408
6345986754
9066349636
4428355218
2117206463
2126900274
4242321855
9866520572
2147571168
5705757485
3093879863
5978575508
5665718821
2362151529
9377082120
7966399782
8454356518
2652845878
2693208140
9612681587
7766682400
4416036502
2843686148
3784101635
7927724062
9244374625
4329549175
9392173255
6636811117
5146959381
2802524225
6029973479
7689551214
4362927400
5675194948
3326330426
3429261524
3998549224
5776739854
4996950269
2474788500
2939587646
4398854054
6102623317
2652002796
8747584866
4619051243
3133960397
9812962719
5964256276
9238969936
2075188758
9297255557
4858526997
6075052743
6507284946
2373453427
2955372561
3454485177
6192493891
5832565995
4976738370
2866784929
7694911010
9497876824
7413435372
7826706089
3822083423
2332607526
2565416084
4912514241
9002308033
7434740217
7086341585
3986946343
2582528989
7055733724
9016944485
3504855681
4225821288
5176811290
2074827890
8327350965
6813325623
8292719601
2299351553
2858977027
2413442083
7533412590
5586618014
2004515005
2975092179
5472811759
9699779521
5562227509
5156198018
3568723819
8697065518
3725519627
8395424072
3064958181
9744233978
2842813864
6826320670
8096446007
4835850486
3509255222
9497971539
6287205585
6468598876
9834710163
2814307643
8816105608
9099964337
8415197144
3927046957
3784313824
7713686088
4259060674
4515132684
7153139458
8518922562
2894696192
7427811148
8716849246
4367974647
2652716246
4312397067
8523404678
9649334493
4464364835
7456841460
7944373806
6506925728
5065359648
4422995975
3174094703
4422183008
9366555122
6002316588
7027493588
7559966417
2923311087
9092594765
5673335690
2678641295
7832391937
2427086098
7112601790
9442643037
8582650289
5282366846
5695327939
4872509347
3228434925
3137032050
5856576641
4425121564
8702738088
9559372958
9892992748
4068423467
8234698749
9602292948
5874773620
8179946612
5443025753
2594971533
9588191360
3124636502
3865707948
4714668839
4583161669
7088535366
5319074873
6743070322
2815656531
5267867196
3262475038
9242339668
6886731081
5434371641
8064105180
3418245645
8749959288
7376288881
2212773604
2489460260
9038951176
3679509152
6005143096
3327898456
8483970469
2418182248
3293633668
7637457268
9625282929
5225799364
5788035851
6587558069
3399120836
8017513895
2336150502
8632032077
8608840486
7643027510
8258203832
6425363933
2817389392
5415944956
4669715861
3144006741
3786711429
2968038473
6552523984
4057073036
7738388509
3768594067
9092503744
6179959210
9625639840
3912654220
2146016165
7263878511
4125449340
4504800589
9838064901
8423203398
6313170952
9062980440
2642122143
3516210877
8592937049
8585399633
5277078259
3769778380
7273334358
5205833834
9825508999
4386349119
9934951644
3333509337
2217009939
3564302369
5039046255
8528803106
8694854982
4412533712
5212355187
8538910660
9656322741
5244093971
7123321975
3578144740
5328448424
6615040659
7459811811
9176493356
4905828367
3785908623
6337829004
4792602640
5152928815
6125611973
5875315717
8813173496
7333497823
5424301094
8539599404
5149059818
5488373009
5493862753
7382842453
6586825883
2612750055
9546875312
3745829109
8557869346
7373901159
9917165232
5747678155
2077119681
5243004927
9735575166
7468433714
5994952250
4278090055
8856294014
9853990892
2024544671
2647266718
8814991531
5249051300
3433603675
6344045742
8192937358
8159162814
7148196429
4667734993
3652212398
5425315563
8907434194
9752598193
4329541675
8579877179
2098237698
2856199166
2924446502
7553215100
8353745956
5683091288
8764043885
3876100767
5735611278
4607331263
3572091585
2798623297
8656401085
7044277262
9485317654
2896639275
7002869293
3698066953
4184029985
8418852129
8629982497
7535645919
9408560696
6486108770
9945934760
9485320975
3412997814
3715664313
9443798338
3143806234
9358973719
7679056462
2576064263
7598920663
5154168552
4954254680
4555736883
4658674646
2256155518
8617437761
3242126308
6072177082
9107884957
7557833928
3163757872
9784483250
8767354181
8228967300
7759491582
6559715815
2824907261
3268514957
5416379782
5889744659
3915397860
7054943974
9365695158
6375540875
5892457532
6419591072
4445832285
3509156631
3523808816
5003507043
9745017154
3564303215
8685311744
7117239146
7199701534
6494373606
6239973045
3284803278
4817432518
2664490862
5552662694
6328491238
2993902438
2679999094
2217070971
8823200481
7935285156
4238605375
7614095976
6837669588
4213632045
4658442857
2439462985
5133973280
6439616903
6597829737
6506433514
6945173522
6992188900
7232342938
9242592524
5637292821
9553567909
5194215126
2644377895
6467449154
2157002137
7553938545
5873467709
3503195981
3452560774
9973626827
3996898605
8737432003
5923254237
5147953831
4979575588
4712381612
8342175730
4495663956
9274832685
8459701602
4956926779
6286033019
6643761154
8207656302
4488274175
7454362181
3268052576
5375832041
7459707308
9005235973
5952861024
9625493305
6358764818
9422802924
5203169144
8707279206
9833022730
6515285647
7245017624
2607609443
7995600009
2232070823
5753556541
9348749271
3182378523
3744940521
6654897787
2905403708
3764179976
2738237675
2952016134
9662626254
7043842833
2367551232
8568481476
9603737406
6464582753
3846040465
5165086702
5462889959
5265767825
5557386571
8174892240
5239423683
5974112855
8955044595
6575665390
4014288205
7017247170
8373937092
5784218622
5027884029
9496205439
6113864099
5467496998
3044269342
6472774024
9107216313
9913381126
7234412568
9315789131
4393489491
5297763249
7012779434
3892455140
4562626000
3503521903
4064444209
7876335887
4914269462
5958441814
4832122711
5984820022
2636489946
8712276669
4203686129