644194
946457
698103
493942
482173
718140
159073
240867
187272
370820
563691
832275
292837
442591
386252
522000
354730
363791
711176
296698
282868
424784
613605
876241
363803
367374
777315
285924
878801
727047
571438
125473
242495
646527
977716
171508
635327
153209
722821
371370
255939
586989
589739
350657
480837
577527
328186
353873
809744
425625
892488
367401
904925
187709
979224
166862
300060
712970
317363
380370
939561
767663
820949
757208
264632
485521
907292
714387
981035
929990
181753
543827
934287
959450
413158
721754
739816
607401
684540
596588
780240
463423
217586
987367
906707
389875
749032
680085
176968
702617
660455
432723
313140
581753
268521
314956
665288
214078
353197
469290
491421
662585
595132
661247
756262
847480
100462
762461
459985
548081
643580
468656
126704
101714
102559
924238
630850
603453
833864
890210
512598
640148
123639
861249
324724
677605
322720
256290
633361
832954
724454
127290
585289
978106
775686
364605
777844
235867
420190
848737
308647
665051
548554
180852
122675
452994
630444
936650
614878
629718
470586
597322
542446
962158
817487
196643
804731
453926
217372
271029
765842
688637
188545
568342
189757
236659
168571
383687
243686
224024
390349
585167
613766
561503
715757
687736
572049
688842
744731
672979
111543
127614
188228
432200
843808
412913
409883
327700
294824
599501
461863
555847
251812
398231
845134
730258
152134
999243
470386
200507
802678
182906
148145
743226
325686
863769
976493
291305
119380
950674
183673
681249
380697
503617
538515
174232
704646
460169
910247
954894
387398
549446
460389
117828
680534
485819
405637
898702
312694
788507
132179
754819
663252
561778
165203
751805
891859
979986
862749
848977
323060
922058
167533
851593
666398
776566
668802
187241
113345
625451
161881
998445
684269
986918
851324
398850
695253
960418
379459
265951
970384
849917
378593
825284
475593
746677
466063
906222
962358
116842
812504
481197
113663
489428
914298
870133
138629
693127
413073
553138
855952
120799
211927
335058
851452
383324
106913
909774
433240
190179
678883
792899
812012
336143
412177
293188
839883
416021
639274
620516
472222
207865
920451
148407
306026
391756
415688
414360
373422
971871
704373
287149
966824
371982
827146
220676
952983
676778
957932
828886
263432
948481
848116
545212
869778
739669
346145
466869
918784
949956
548769
359774
978305
507326
140492
383825
956715
776406
582211
702742
878657
512996
620695
533376
595554
955560
558878
768263
541714
159536
336241
932920
434338
468477
474176
187535
911464
104000
346532
198376
869903
331350
990218
933769
253851
373498
580106
258840
832231
734623
331487
325332
401585
776116
104392
856893
306616
111957
954943
909433
966361
138700
741396
145985
466778
528127
412721
136648
637809
334112
849569
964447
943036
306388
748281
780833
505138
405079
525242
987394
426098
324689
143081
810745
780588
691721
298899
691754
451758
927328
234717
568352
789029
323364
509899
729810
173772
561044
339743
659801
189163
226518
243283
949613
668328
321213
970754
583282
404363
704500
853718
760469
551998
481126
516735
957739
769665
509670
323575
747896
481332
768331
691163
714269
673111
323724
448175
792973
213728
357974
560205
278705
995145
672357
754586
471083
562621
218071
591042
860531
363956
800473
227601
688941
668213
454568
101270
609279
899012
507234
636560
678551
846854
829341
159341
173327
401966
541571
657126
664892
392179
813892
175768
328893
718811
478195
119918
295297
170421
607459
305717
430816
344840
910269
695646
500616
971869
700851
427960
105964